0.0 0.0 22.0 8.48528137423857 8.485281374238571 -5.248690892988691
6.938893903907228e-17 0.9958070179645455 21.013964859959753 8.756360554037485 8.237913816050913 -2.6396169425823075
-0.030460601325531703 1.994281458008906 20.02676477452738 8.947874597756925 8.080345076707085 -0.351871901111636
-0.07629319778901371 2.993211714695872 19.028610749109397 9.036175970108683 8.00337681932641 1.4025719015065192
-0.12415716138654871 3.9917656265459796 18.022461863735472 24.513010908180274 7.998263272828468 14.353592210791291
-0.1626441065735309 4.959785112614341 17.055974782989413 40.934916099717924 8.634338541312014 2.166821003123246
-0.11969615980840312 5.958146741628895 16.066676608205707 24.060756894065793 8.819714211527321 18.492124088561745
-0.06699855134929555 6.905048757594966 15.294013583110006 37.04575860467297 10.15596681384538 12.571224617585763
0.08996272042091097 7.868371286248988 14.528012682972491 35.11134491901674 11.627269261063788 16.209280945421938
0.31273996892514067 8.802420237474852 13.937545004784914 33.09976264484316 14.27484294847814 16.378436253270586
0.6211966153051209 9.710903344854513 13.467545148835598 31.43804824455763 13.150474798703517 19.766626228209233
1.0061756372837563 10.569634269326905 13.282401553227912 29.93158957332512 11.800065125712024 22.184092392125095
1.477813051147445 11.366496044793163 13.466693734348278 28.745694141460177 10.716830827051282 23.245819236044298
2.041603348751881 12.092010147823348 14.113401083727227 27.959112960944434 9.90824370039587 23.489249383265673
2.694741174484113 12.735863674012258 15.40971560838257 19.548824897602103 9.356215226283359 19.65652538305111
3.447281629746025 13.302018089910456 30.82229267507751 13.20325660608702 8.983455573001283 1.3524465456323327
4.308519360546262 13.809672002775592 29.685823057118327 14.783307810128226 8.476628375595954 4.5517384686576605
5.171235939751739 14.309093876143201 28.26601543648568 15.21731893530089 8.019132237062662 7.7491697190141835
6.0416106182495275 14.782662264044806 26.650352170172116 14.671188743782919 7.63437959062485 10.649178283935655
6.9251170059036475 15.213089129142494 24.965774534310526 13.589751465293483 7.349138352118177 12.192771196440972
7.828528691025235 15.58623958539352 23.366834039250424 12.478550906714544 7.172622601172303 11.795600836818508
8.757335659188533 15.89531840061971 21.941425924096798 11.615065633494126 7.085139927303598 10.00543904835606
9.710764590613365 16.141868815167467 20.68161610115293 11.034506960248669 7.051389603202499 7.623509823687883
10.683121034669524 16.334023565322482 19.53882142302662 10.684943731166229 7.035417005634307 5.117043135200177
11.667821833800328 16.483721186134943 18.46750289243846 10.517323593048165 7.0059510067342 2.6849262245048067
12.659404389470033 16.604426228943417 17.437581989743496 10.504902612806001 6.938320420613369 0.40750639259542254
13.653817320902421 16.709746395291177 16.43352714894574 10.64124853872721 6.8159693474296414 -1.6795019600318426
14.648074997064086 16.812667126607263 15.450318925206984 10.936515542853927 24.644762952178706 -15.60176871242512
15.60509550333296 16.921193107032103 14.695740338982247 12.577378699843958 26.158808517958644 -16.488728938806027
16.544341991134488 17.11421752645788 14.073626168351838 15.174579745133808 28.70083107796675 -17.818273222138785
17.454570444556072 17.393231513852736 13.61841739170165 13.540605396534644 33.34031278803103 -19.716354855281246
18.321774351206415 17.759486789247326 13.398375378541202 12.12764861794972 33.48125196765372 -19.774869285764986
19.141989612719176 18.220770845767458 13.39216571867023 10.99862203808408 32.19077139017165 -19.38484359977183
19.906800572150868 18.77294733855801 13.620441155787818 10.10543256186403 31.264900394742853 -18.996966303110696
20.60747402407057 19.40784472114229 14.149639993410291 9.409182332613513 30.64640627069583 -18.616070540724493
21.236542946052865 20.116623676435623 15.09777322909959 8.885781688626128 19.572984873367734 -10.740866548922334
21.806820575537397 20.916655306544616 15.49567754710002 8.411401782211167 16.821596099993464 -8.145630682446367
22.330225858807797 21.75687608301153 15.714765024720199 7.970410233400103 15.916579068365182 -7.02278260679946
22.814625881572464 22.623137089817828 15.893852525847105 7.5604170627106555 15.478674237588706 -6.238221315954135
23.26403406216808 23.509830241071153 16.05788065757872 7.1773455020068955 15.24618479716294 -5.621964279367063
23.681496710942657 24.413228221398438 16.217349745535365 6.818073162836346 15.121163094345116 -5.132505287038036
24.069548345748103 25.33051386474384 16.38349685401913 6.480573064531797 15.053472457943554 -4.757659102235806
24.43027828548477 26.259488907857097 16.573273234374113 6.163820878247012 15.011902338288607 -4.490788005862385
24.765313026716992 27.198435668013346 16.811768162282643 5.867643441525252 14.97468225453836 -4.324409886174003
25.075796985964853 28.146018917730302 17.134398142433504 5.592568324972975 14.925830183774888 -4.250339925074449
25.36239358313003 29.10119923851485 17.590901653968196 5.33972674963942 14.853371781367986 -4.264086808167704
25.625300471576512 30.06315116003135 18.254693131210832 5.110879440872385 14.747849419335724 -4.37504983096423
25.864250089145806 31.031181997966133 19.24650647901196 4.908704266816503 14.600108328194331 -4.631253447884724
26.078431640697193 32.00463301909205 18.323926237308754 4.737729632667114 14.396867016822254 -5.142798001135304
26.26619255122183 32.982748972896516 17.23678272906445 4.606249998780698 14.115624024793165 -5.870153530509967
26.42445028511069 33.96483575333691 16.162629801980152 4.525092518868467 13.745230764114758 -6.770198369416349
26.548918509456605 34.9500312691878 15.106274313116172 4.508472082043304 13.2855178133534 -7.800216356837417
26.634379886733967 35.93708578688187 14.07480691470516 4.575517779399142 12.74546578617939 -8.914693090438082
26.674983447690714 36.92417118908156 13.076558733650602 4.752765366157069 12.14068142947759 -10.065776822690076
26.664580320740363 37.90872398122791 12.119998118839204 5.078448849002397 11.490222170960921 -11.20655150604614
